[0.54862595, 0.678073, 0.77077854, 0.6134292, 0.73539543, 0.69355047, 1.0][0.54862595, 0.678073, 0.77077854, 0.6134292, 0.73539543, 0.69355047, 1.0]

[0.6551676, 0.63368016, 0.6069749, 0.64433694, 0.6031986, 0.6639301, 0.67625403, 0.74783075, 0.6126262, 0.64422613, 0.70190156, 0.646791, 0.5351599, 0.69187427, 0.57697606, 0.7176276, 0.5890049, 0.6644868, 0.6082851, 0.65541834, 0.6377488, 0.5865868, 0.64449286, 0.653195, 0.6769602, 0.7605227, 0.6107758, 0.6566449, 0.63404596, 0.6613751, 0.6198164, 0.6392291, 0.6528789, 0.7016574, 0.6054267, 0.6289537, 0.5859167, 0.6234614, 0.63047, 0.6428467, 0.69005334, 0.7492391, 0.6692054, 0.6285805, 0.65381724, 0.64660925, 0.5962855, 0.59192705, 0.7312082, 0.58809626, 0.64953566, 0.79110277, 0.59554803, 0.69489795, 0.6022653, 0.6508921, 0.56314725, 0.62666756, 0.59235394, 0.6385189, 0.6378151, 0.63937354, 0.59504586, 0.59630495, 0.62123036, 0.5668073, 0.60634196, 0.64412373, 0.6153955, 0.6477613, 0.60986066, 0.6877219, 0.7206605, 0.6022897, 0.61166155, 0.6711341, 0.6378652, 0.6171461, 0.6543099, 0.66575545, 0.66585773, 0.531927, 0.61978775, 0.5838992, 0.61411774, 0.67665476, 0.66243476, 0.69237286, 0.6451973, 0.6353363, 0.5719288, 0.61688817, 0.58040273, 0.6123575, 0.6717573, 0.6761345, 0.71950185, 0.64792496, 0.69794345, 0.63292396, 0.6367609, 0.6349774, 0.7026543, 0.5956368, 0.6318753, 0.63105494, 0.61721003, 0.67584854, 1.0][0.6551676, 0.63368016, 0.6069749, 0.64433694, 0.6031986, 0.6639301, 0.67625403, 0.74783075, 0.6126262, 0.64422613, 0.70190156, 0.646791, 0.5351599, 0.69187427, 0.57697606, 0.7176276, 0.5890049, 0.6644868, 0.6082851, 0.65541834, 0.6377488, 0.5865868, 0.64449286, 0.653195, 0.6769602, 0.7605227, 0.6107758, 0.6566449, 0.63404596, 0.6613751, 0.6198164, 0.6392291, 0.6528789, 0.7016574, 0.6054267, 0.6289537, 0.5859167, 0.6234614, 0.63047, 0.6428467, 0.69005334, 0.7492391, 0.6692054, 0.6285805, 0.65381724, 0.64660925, 0.5962855, 0.59192705, 0.7312082, 0.58809626, 0.64953566, 0.79110277, 0.59554803, 0.69489795, 0.6022653, 0.6508921, 0.56314725, 0.62666756, 0.59235394, 0.6385189, 0.6378151, 0.63937354, 0.59504586, 0.59630495, 0.62123036, 0.5668073, 0.60634196, 0.64412373, 0.6153955, 0.6477613, 0.60986066, 0.6877219, 0.7206605, 0.6022897, 0.61166155, 0.6711341, 0.6378652, 0.6171461, 0.6543099, 0.66575545, 0.66585773, 0.531927, 0.61978775, 0.5838992, 0.61411774, 0.67665476, 0.66243476, 0.69237286, 0.6451973, 0.6353363, 0.5719288, 0.61688817, 0.58040273, 0.6123575, 0.6717573, 0.6761345, 0.71950185, 0.64792496, 0.69794345, 0.63292396, 0.6367609, 0.6349774, 0.7026543, 0.5956368, 0.6318753, 0.63105494, 0.61721003, 0.67584854, 1.0]

[0.7494202, 1.0][0.7494202, 1.0]

[0.7156354, 0.71972024, 1.0][0.7156354, 0.71972024, 1.0]

[0.6895833, 0.7077721, 1.0000001][0.6895833, 0.7077721, 1.0000001]

[0.70235366, 0.70992297, 0.7369286, 0.6864211, 0.7278374, 0.70855874, 0.73369765, 0.71743125, 0.7467737, 0.6681757, 0.7091862, 0.7956964, 0.70708346, 0.6616144, 0.6905637, 0.7061479, 0.72439545, 0.72637373, 0.7484048, 0.7472814, 0.7039249, 0.7054722, 0.6861681, 0.75792766, 0.6790679, 0.71975493, 0.7169425, 0.75806105, 0.8042856, 0.7097763, 0.6631086, 0.6494685, 0.73830783, 0.7689503, 0.66812223, 0.6583845, 0.68404454, 0.71400446, 0.73023534, 0.7659211, 0.75169814, 0.71905184, 0.7349949, 0.71008277, 0.61768216, 0.7150914, 0.7153202, 0.73729765, 0.64890325, 0.7235957, 0.7200018, 0.74291784, 0.69785774, 0.71176213, 1.0000001][0.70235366, 0.70992297, 0.7369286, 0.6864211, 0.7278374, 0.70855874, 0.73369765, 0.71743125, 0.7467737, 0.6681757, 0.7091862, 0.7956964, 0.70708346, 0.6616144, 0.6905637, 0.7061479, 0.72439545, 0.72637373, 0.7484048, 0.7472814, 0.7039249, 0.7054722, 0.6861681, 0.75792766, 0.6790679, 0.71975493, 0.7169425, 0.75806105, 0.8042856, 0.7097763, 0.6631086, 0.6494685, 0.73830783, 0.7689503, 0.66812223, 0.6583845, 0.68404454, 0.71400446, 0.73023534, 0.7659211, 0.75169814, 0.71905184, 0.7349949, 0.71008277, 0.61768216, 0.7150914, 0.7153202, 0.73729765, 0.64890325, 0.7235957, 0.7200018, 0.74291784, 0.69785774, 0.71176213, 1.0000001]

[0.6470151, 0.61594844, 0.7592732, 0.6543994, 1.0][0.6470151, 0.61594844, 0.7592732, 0.6543994, 1.0]

[0.8279437, 1.0][0.8279437, 1.0]

[0.7044807, 0.7215631, 0.8181156, 1.0][0.7044807, 0.7215631, 0.8181156, 1.0]

[0.7663326, 0.8354439, 0.8082016, 0.8470293, 0.5282769, 1.0][0.7663326, 0.8354439, 0.8082016, 0.8470293, 0.5282769, 1.0]

[0.6341607, 1.0][0.6341607, 1.0]

[0.83027816, 0.8216529, 0.8637143, 1.0000001][0.83027816, 0.8216529, 0.8637143, 1.0000001]

[0.67485404, 0.99999994][0.67485404, 0.99999994]

[0.676732, 1.0][0.676732, 1.0]

[0.6970614, 0.70513463, 0.6323784, 0.7485973, 0.5819769, 0.70992815, 0.6837994, 0.70598584, 1.0][0.6970614, 0.70513463, 0.6323784, 0.7485973, 0.5819769, 0.70992815, 0.6837994, 0.70598584, 1.0]

[0.86133194, 0.99999994][0.86133194, 0.99999994]

[0.7171957, 0.6380019, 0.65878266, 0.65661836, 0.7521778, 0.7426761, 1.0000001][0.7171957, 0.6380019, 0.65878266, 0.65661836, 0.7521778, 0.7426761, 1.0000001]

[0.5203164, 0.6946743, 0.6762164, 1.0000001][0.5203164, 0.6946743, 0.6762164, 1.0000001]

[0.5847461, 0.42730474, 1.0][0.5847461, 0.42730474, 1.0]

[0.67723924, 0.72221667, 0.6637088, 0.70389646, 1.0000001][0.67723924, 0.72221667, 0.6637088, 0.70389646, 1.0000001]

[0.50866205, 0.5742022, 0.8074546, 0.61435777, 0.53986984, 0.455287, 0.56472474, 0.35261515, 0.6045113, 0.48158535, 0.4748639, 0.5750349, 0.7405052, 1.0000001][0.50866205, 0.5742022, 0.8074546, 0.61435777, 0.53986984, 0.455287, 0.56472474, 0.35261515, 0.6045113, 0.48158535, 0.4748639, 0.5750349, 0.7405052, 1.0000001]

[0.75745827, 0.7334843, 0.678302, 0.81785196, 0.73771566, 0.7542832, 0.7470904, 0.74029744, 0.7697821, 0.7211033, 0.73803735, 0.7441946, 0.71717256, 0.67245734, 0.72676015, 0.7111838, 0.7291726, 0.7896403, 0.75091666, 0.73726654, 0.6997519, 0.7200921, 1.0][0.75745827, 0.7334843, 0.678302, 0.81785196, 0.73771566, 0.7542832, 0.7470904, 0.74029744, 0.7697821, 0.7211033, 0.73803735, 0.7441946, 0.71717256, 0.67245734, 0.72676015, 0.7111838, 0.7291726, 0.7896403, 0.75091666, 0.73726654, 0.6997519, 0.7200921, 1.0]

[0.6540707, 1.0][0.6540707, 1.0]

[0.74386317, 0.56876314, 0.9999999][0.74386317, 0.56876314, 0.9999999]

[0.61855066, 0.5103015, 0.65732557, 1.0][0.61855066, 0.5103015, 0.65732557, 1.0]

[0.53057086, 0.66180277, 0.66990757, 0.6467079, 0.6923044, 1.0][0.53057086, 0.66180277, 0.66990757, 0.6467079, 0.6923044, 1.0]

[0.6942218, 0.6646354, 0.7341331, 0.68499476, 0.6470392, 0.68087727, 1.0000001][0.6942218, 0.6646354, 0.7341331, 0.68499476, 0.6470392, 0.68087727, 1.0000001]

[0.5414388, 0.99999994][0.5414388, 0.99999994]

[0.7019429, 0.7326867, 1.0][0.7019429, 0.7326867, 1.0]

[0.64293766, 0.76274055, 0.67738, 0.6100895, 0.69410443, 1.0][0.64293766, 0.76274055, 0.67738, 0.6100895, 0.69410443, 1.0]

[0.60506743, 0.5452416, 0.99999994][0.60506743, 0.5452416, 0.99999994]

[0.58237827, 0.671432, 0.7540754, 0.5843592, 0.6398127, 0.6425338, 0.59198415, 0.6025553, 0.5871732, 0.6503608, 0.676222, 0.6535093, 0.55390745, 0.6641383, 0.6162531, 0.6246923, 0.5779102, 0.6026739, 0.606909, 0.5668412, 0.66888964, 0.62727803, 0.5948368, 0.6458476, 0.701801, 0.42254612, 0.5784089, 0.5958601, 0.6661143, 0.5749793, 0.54077446, 0.59523445, 0.57567, 0.6418781, 0.64119935, 0.6660057, 0.6267628, 0.64047396, 0.6326225, 0.5947607, 0.38224998, 1.0][0.58237827, 0.671432, 0.7540754, 0.5843592, 0.6398127, 0.6425338, 0.59198415, 0.6025553, 0.5871732, 0.6503608, 0.676222, 0.6535093, 0.55390745, 0.6641383, 0.6162531, 0.6246923, 0.5779102, 0.6026739, 0.606909, 0.5668412, 0.66888964, 0.62727803, 0.5948368, 0.6458476, 0.701801, 0.42254612, 0.5784089, 0.5958601, 0.6661143, 0.5749793, 0.54077446, 0.59523445, 0.57567, 0.6418781, 0.64119935, 0.6660057, 0.6267628, 0.64047396, 0.6326225, 0.5947607, 0.38224998, 1.0]

[0.6761277, 0.6603478, 0.7018491, 0.6916872, 0.69807726, 0.72232425, 0.7711458, 0.7078266, 0.7311268, 0.60359967, 0.99999994][0.6761277, 0.6603478, 0.7018491, 0.6916872, 0.69807726, 0.72232425, 0.7711458, 0.7078266, 0.7311268, 0.60359967, 0.99999994]

[0.6651, 0.72405666, 0.75845695, 0.7437909, 0.6901814, 0.67247343, 0.7031706, 0.7614505, 0.7000539, 0.72450167, 0.7360415, 0.7111686, 0.644712, 0.75278896, 0.7511602, 0.74639714, 0.70244914, 0.74934393, 0.7226828, 0.6153463, 0.5943411, 0.7721771, 0.77360314, 0.69158506, 0.7581486, 0.6705567, 0.7506053, 0.7016324, 0.7107723, 0.7346798, 0.6815616, 0.7135313, 0.65338093, 0.7101907, 0.69891304, 0.73664397, 0.7088148, 0.6688796, 0.7127348, 0.69644153, 0.7241351, 0.74395657, 0.6455218, 0.78968835, 0.7262409, 0.6628291, 0.63730633, 0.6472694, 0.7256352, 0.73853874, 0.7419417, 1.0][0.6651, 0.72405666, 0.75845695, 0.7437909, 0.6901814, 0.67247343, 0.7031706, 0.7614505, 0.7000539, 0.72450167, 0.7360415, 0.7111686, 0.644712, 0.75278896, 0.7511602, 0.74639714, 0.70244914, 0.74934393, 0.7226828, 0.6153463, 0.5943411, 0.7721771, 0.77360314, 0.69158506, 0.7581486, 0.6705567, 0.7506053, 0.7016324, 0.7107723, 0.7346798, 0.6815616, 0.7135313, 0.65338093, 0.7101907, 0.69891304, 0.73664397, 0.7088148, 0.6688796, 0.7127348, 0.69644153, 0.7241351, 0.74395657, 0.6455218, 0.78968835, 0.7262409, 0.6628291, 0.63730633, 0.6472694, 0.7256352, 0.73853874, 0.7419417, 1.0]

[0.62469757, 1.0][0.62469757, 1.0]

[0.7095687, 1.0][0.7095687, 1.0]

[0.77779377, 0.6893602, 0.702409, 0.6020109, 0.5813281, 0.70314, 0.63826907, 0.54908866, 0.6537261, 0.6227515, -0.0069864853, 0.66527736, 0.63799536, 0.7115442, 0.7126593, 0.52128035, 0.6326861, 0.60921675, 0.58371186, 0.7164378, 0.71662253, 0.6355347, 0.57452583, 0.63366973, 0.6534332, 0.6410803, 0.6310349, 0.71678954, 1.0][0.77779377, 0.6893602, 0.702409, 0.6020109, 0.5813281, 0.70314, 0.63826907, 0.54908866, 0.6537261, 0.6227515, -0.0069864853, 0.66527736, 0.63799536, 0.7115442, 0.7126593, 0.52128035, 0.6326861, 0.60921675, 0.58371186, 0.7164378, 0.71662253, 0.6355347, 0.57452583, 0.63366973, 0.6534332, 0.6410803, 0.6310349, 0.71678954, 1.0]

[0.59223044, 0.99999994][0.59223044, 0.99999994]

[0.60137933, 0.5555521, 0.73800987, 0.6398701, 0.99999994][0.60137933, 0.5555521, 0.73800987, 0.6398701, 0.99999994]

[0.6786466, 0.7307117, 0.6147939, 0.7511267, 0.6276197, 1.0000001][0.6786466, 0.7307117, 0.6147939, 0.7511267, 0.6276197, 1.0000001]

[0.86553466, 0.7749224, 0.7921266, 0.99999994][0.86553466, 0.7749224, 0.7921266, 0.99999994]

[0.66919947, 0.99999994][0.66919947, 0.99999994]

[0.4345273, 0.5353186, 0.5595404, 0.6036438, 0.5219604, 0.529871, 0.57873255, 0.5158567, 0.5749511, 0.58773947, 0.99999994][0.4345273, 0.5353186, 0.5595404, 0.6036438, 0.5219604, 0.529871, 0.57873255, 0.5158567, 0.5749511, 0.58773947, 0.99999994]

[0.57897097, 0.60292834, 0.60074157, 0.99999994][0.57897097, 0.60292834, 0.60074157, 0.99999994]

[0.6762401, 0.702951, 0.67797184, 0.5852599, 1.0][0.6762401, 0.702951, 0.67797184, 0.5852599, 1.0]

[0.69310975, 0.470891, 0.99999994][0.69310975, 0.470891, 0.99999994]

[0.7740813, 0.5174925, 0.5441315, 0.6224416, 1.0][0.7740813, 0.5174925, 0.5441315, 0.6224416, 1.0]

[0.7246013, 0.5945326, 0.60986835, 1.0][0.7246013, 0.5945326, 0.60986835, 1.0]

[0.7785568, 1.0][0.7785568, 1.0]

[0.45585108, 0.99999994][0.45585108, 0.99999994]

[0.5369057, 0.46045756, 0.6109112, 0.5992316, 1.0][0.5369057, 0.46045756, 0.6109112, 0.5992316, 1.0]

[0.67863125, 0.7570357, 0.83819366, 0.7157589, 0.7665499, 0.70563334, 1.0][0.67863125, 0.7570357, 0.83819366, 0.7157589, 0.7665499, 0.70563334, 1.0]

[0.7625323, 0.70185083, 0.7446568, 0.7621802, 0.74353445, 0.6665905, 0.6608196, 0.5637417, 1.0000001][0.7625323, 0.70185083, 0.7446568, 0.7621802, 0.74353445, 0.6665905, 0.6608196, 0.5637417, 1.0000001]

[0.6657218, 0.5672961, 0.5834945, 0.6935693, 0.64587724, 0.62595075, 0.85751736, 0.67543226, 0.68237007, 0.664994, 0.61039925, 0.6733069, 0.56289834, 0.6636494, 0.6362854, 0.71451974, 0.683432, 0.5972155, 0.69922936, 0.64875317, 0.603495, 0.7151113, 0.71322757, 0.7546958, 0.69338804, 0.6893581, 0.7927586, 0.99999994][0.6657218, 0.5672961, 0.5834945, 0.6935693, 0.64587724, 0.62595075, 0.85751736, 0.67543226, 0.68237007, 0.664994, 0.61039925, 0.6733069, 0.56289834, 0.6636494, 0.6362854, 0.71451974, 0.683432, 0.5972155, 0.69922936, 0.64875317, 0.603495, 0.7151113, 0.71322757, 0.7546958, 0.69338804, 0.6893581, 0.7927586, 0.99999994]

[0.624503, 0.5747411, 0.53154105, 1.0][0.624503, 0.5747411, 0.53154105, 1.0]

[0.6511631, 0.73017794, 0.78083026, 0.6776262, 0.7542131, 0.78845763, 0.7035393, 0.72044164, 0.728131, 0.7027841, 1.0][0.6511631, 0.73017794, 0.78083026, 0.6776262, 0.7542131, 0.78845763, 0.7035393, 0.72044164, 0.728131, 0.7027841, 1.0]

[0.64023477, 0.7254614, 1.0000001][0.64023477, 0.7254614, 1.0000001]

[0.72532296, 0.99999994][0.72532296, 0.99999994]

[0.7698219, 0.99999994][0.7698219, 0.99999994]

[0.7466337, 1.0][0.7466337, 1.0]

[0.5340912, 0.46358895, 0.5219515, 0.6350781, 0.5323339, 0.62470293, 0.62036574, 0.5549552, 0.5803633, 0.47250545, 0.56621915, 0.6497616, 0.44948906, 0.514686, 0.5306365, 0.44054595, 0.545677, 0.45466158, 0.4682444, 0.5003191, 1.0][0.5340912, 0.46358895, 0.5219515, 0.6350781, 0.5323339, 0.62470293, 0.62036574, 0.5549552, 0.5803633, 0.47250545, 0.56621915, 0.6497616, 0.44948906, 0.514686, 0.5306365, 0.44054595, 0.545677, 0.45466158, 0.4682444, 0.5003191, 1.0]

[0.65954167, 0.7641698, 0.6356714, 0.7046856, 0.6598325, 0.6531174, 1.0][0.65954167, 0.7641698, 0.6356714, 0.7046856, 0.6598325, 0.6531174, 1.0]

[0.69087857, 0.633422, 0.99999994][0.69087857, 0.633422, 0.99999994]

[0.60926855, 0.6485582, 0.9999999][0.60926855, 0.6485582, 0.9999999]

[0.53959227, 0.60918397, 0.68047214, 0.68122786, 0.60220844, 0.6108203, 0.60801214, 0.99999994][0.53959227, 0.60918397, 0.68047214, 0.68122786, 0.60220844, 0.6108203, 0.60801214, 0.99999994]

[0.5911607, 0.99999994][0.5911607, 0.99999994]

[0.59765005, 0.59572726, 0.5852987, 0.9999999][0.59765005, 0.59572726, 0.5852987, 0.9999999]

[0.5209642, 0.6016819, 1.0][0.5209642, 0.6016819, 1.0]

[0.47125465, 0.5148768, 1.0000001][0.47125465, 0.5148768, 1.0000001]

[0.60579014, 1.0][0.60579014, 1.0]

[0.7198675, 0.7694092, 0.7362719, 0.68989104, 1.0][0.7198675, 0.7694092, 0.7362719, 0.68989104, 1.0]

[0.44311756, 0.43605098, 1.0][0.44311756, 0.43605098, 1.0]

[0.8116357, 0.5323382, 1.0000001][0.8116357, 0.5323382, 1.0000001]

[0.84559596, 0.89030594, 1.0][0.84559596, 0.89030594, 1.0]

[0.8155307, 0.83750063, 1.0][0.8155307, 0.83750063, 1.0]

[0.6684109, 1.0][0.6684109, 1.0]

[0.8883048, 1.0][0.8883048, 1.0]

[0.653654, 0.60136825, 0.99999994][0.653654, 0.60136825, 0.99999994]

[0.6368895, 0.50132823, 0.68730384, 0.59610397, 0.6711745, 0.65539557, 0.6079062, 1.0000001][0.6368895, 0.50132823, 0.68730384, 0.59610397, 0.6711745, 0.65539557, 0.6079062, 1.0000001]

[0.6855704, 0.52889425, 0.5058319, 0.5556384, 0.6964076, 0.6994596, 0.6752522, 0.7242144, 0.68010783, 0.2971606, 0.7262293, 0.6829383, 0.7141628, 0.67414415, 0.46745628, 0.68727833, 0.2876, 0.62865156, 1.0][0.6855704, 0.52889425, 0.5058319, 0.5556384, 0.6964076, 0.6994596, 0.6752522, 0.7242144, 0.68010783, 0.2971606, 0.7262293, 0.6829383, 0.7141628, 0.67414415, 0.46745628, 0.68727833, 0.2876, 0.62865156, 1.0]

[0.742701, 0.7720394, 0.8144635, 1.0][0.742701, 0.7720394, 0.8144635, 1.0]

[0.63059217, 0.6240626, 1.0][0.63059217, 0.6240626, 1.0]

[0.5907363, 0.58136266, 0.726888, 1.0000001][0.5907363, 0.58136266, 0.726888, 1.0000001]

[0.6709623, 0.6440511, 0.60498065, 0.6786433, 0.62143385, 1.0][0.6709623, 0.6440511, 0.60498065, 0.6786433, 0.62143385, 1.0]

[0.42114958, 0.5342295, 0.44007838, 1.0000001][0.42114958, 0.5342295, 0.44007838, 1.0000001]

[0.69719917, 0.68912244, 0.7923542, 1.0][0.69719917, 0.68912244, 0.7923542, 1.0]

[0.6668731, 1.0][0.6668731, 1.0]

[0.65423524, 0.6905382, 0.6648045, 1.0][0.65423524, 0.6905382, 0.6648045, 1.0]

[0.68353975, 1.0][0.68353975, 1.0]

[0.6316127, 0.99999994][0.6316127, 0.99999994]

[0.5353796, 1.0][0.5353796, 1.0]

[0.64409935, 1.0][0.64409935, 1.0]

[0.62357694, 0.5436993, 0.7798159, 1.0][0.62357694, 0.5436993, 0.7798159, 1.0]

[0.67714775, 1.0][0.67714775, 1.0]

[0.56847316, 0.579311, 0.57364815, 0.6206106, 1.0][0.56847316, 0.579311, 0.57364815, 0.6206106, 1.0]

[0.60334784, 1.0][0.60334784, 1.0]

[0.4828965, 0.627309, 0.68806887, 0.61230725, 0.5708012, 0.5331062, 0.6021346, 0.67888844, 1.0][0.4828965, 0.627309, 0.68806887, 0.61230725, 0.5708012, 0.5331062, 0.6021346, 0.67888844, 1.0]

[0.7129727, 0.79544103, 1.0][0.7129727, 0.79544103, 1.0]

[0.6734339, 0.6385494, 0.67196625, 0.7440687, 1.0][0.6734339, 0.6385494, 0.67196625, 0.7440687, 1.0]

[0.574032, 0.7290198, 0.69376504, 0.99999994][0.574032, 0.7290198, 0.69376504, 0.99999994]

